139093324
139093324
284385905
284385905
181877337
181877337
24195402
24195402
4495109
4495109
4711331
4711331
187159338
187159338
179323609
179323609
133808257
133808257
122418618
122418618
137404751
137404751
29559896
29559896
198336832
198336832
71428351
71428351
174644438
174644438
100993196
100993196
154450086
154450086
60773938
60773938
134380716
134380716
145818845
145818845
48642356
48642356
25940314
25940314
209395525
209395525
206006251
206006251
30656743
30656743
213817503
213817503
17588839
17588839
23817286
23817286
67809250
67809250
197430210
197430210
174369825
174369825
177225563
177225563
2747625
2747625
316418354
316418354
26293574
26293574
9379681
9379681
42818443
42818443
181529749
181529749
124707440
124707440
253663367
253663367
94228814
149218397
149218397
137247490
137247490
142070077
142070077
81688350
81688350
371936613
108662515
108662515
111628761
111628761
227372871
227372871
41892628
41892628
227431805
227431805
184292787
184292787
273279378
273279378
1409613
1409613
169883898
169883898
261490584
261490584
132377439
139009918
139009918
38974801
38974801
221703818
221703818
60964729
60964729
21266765
21266765
191283206
191283206
106373645
106373645
11812951
11812951
51307382
51307382
112677507
112677507
109914510
109914510
156956154
156956154
176117844
176117844
136835353
136835353
140802559
140802559
205344628
205344628
218437936
218437936
146084014
146084014
192403475
192403475
47859830
47859830
254785575
254785575
140802531
140802531
260441815
260441815
131603257
131603257
77311185
77311185
141023707
141023707
37347622
37347622
75944
75944
213048395
213048395
101175056
101175056
227729272
227729272
186390709
186390709
44723395
44723395
30558351
30558351
186615513
34188062
34188062
198816610
198816610
4902192
4902192
122850146
122850146
171149528
171149528
89739209
89739209
26616769
26616769
320843636
320843636
255281683
255281683
198263212
208189483
208189483
101910514
101910514
108157555
108157555
244899888
244899888
256628370
256628370
170835988
170835988
176959757
176959757
210010266
210010266
135620664
135620664
351551688
351551688
30583398
30583398
62220642
62220642
190714306
190714306
172678008
172678008
105167392
105167392
135620681
135620681
135174124
135174124
49798153
49798153
140190126
140190126
244200361
244200361
283322585
283322585
41157513
41157513
94169735
94169735
78217706
78217706
159273180
159273180
219026109
219026109
158021769
158021769
253761918
253761918
7906958
7906958
189979559
189979559
75347280
75347280
5221979
5221979
202090450
202090450
140670070
140670070
289314599
289314599
88260307
88260307
98279714
98279714
175646839
175646839
137982539
137982539
153092902
153092902
5255228
5255228
199792179
199792179
3894905
3894905
133872625
133872625
152944904
152944904
201293344
201293344
12968555
12968555
151508232
151508232
251132086
251132086
126323045
126323045
155320847
180828305
180828305
27315416
27315416
68799194
68799194
258954197
258954197
121428036
121428036
2399447
2399447
58385340
58385340
79252021
79252021
4422267
4422267
372721908
372721908
192344824
192344824
203232093
203232093
68981777
68981777
5603561
5603561
357347015
357347015
220629231
220629231
3184983
3184983
125203651
125203651
146098316
146098316
170054914
170054914
173306682
173306682
241344547
241344547
147723481
147723481
224093807
224093807
152209492
152209492
242584478
242584478
234869842
234869842
207356459
207356459
41373293
41373293
41662005
41662005
198361695
198361695
172992088
172992088
223294067
223294067
31908924
31908924
249926810
249926810
147277337
147277337
148228182
148228182
156378017
156378017
145049946
145049946
30813835
30813835
346790758
185145336
185145336
43517396
43517396
135140714
135140714
175095833
175095833
28437725
26700676
26700676
269337970
269337970
191317036
191317036
6520564
6520564
143731377
143731377
75347194
75347194
217829064
217829064
154810249
154810249
73431762
73431762
23901221
23901221
315526212
315526212
10836747
10836747
328400019
328400019
36191695
36191695
158060956
158060956
112991695
112991695
212097884
212097884
158549669
158549669
205810113
205810113
13621599
13621599
158167749
158167749
11641118
11641118
62293865
62293865
192330271
192330271
160168758
160168758
247552474
247552474
281067129
281067129
109796909
109796909
360088662
85862944
85862944
2444170
2444170
223499461
223499461
200303318
200303318
95650965
95650965
222042243
222042243
188304629
188304629
95047193
132916257
186772274
13537934
166421038
195780746
152846428
120945276
8186508
146182435
225622898
135561956
85054519
14907231
108182622
137404708
215913047
3027957
40770275
54059914
73959462
73347734
62077972
140238624
175306009
83786531
155236761
236642912
123105276
25881542
156790577
224093503
186556612
104909134
171654329
50415520
633524
228742198
9595442
5833613
128612071
118790653
16525346
250195949
1900072
245670357
153631699
142696270
134341280
216580351
136369959
61146515
15706834
170928197
116616098
162589494
240031663
180769592
12165944
160359490
26871855
154043574
124193840
36778285
126817576
46218167
93816594
19179626
85402731
246116123
43025335
138886744
206466978
139211208
114930308
20374691
109338779
157236616
68790782
124457857
95889186
55251430
137306384
114616442
4843395
50356474
212950768
145060145
138656239
16491410
278306666
113258963
154765931
202677065
215506893
139357503
34693226
56116091
343895889
194692037
257714965
362448413
163950218
135918185
153401024
224259529
5280052
119222240
40804372
146280670
107711919
199831961
181074619
31644797
50092581
8040270
135943141
1013898
153929364
82639035
236353631
33933109
169075252
82953503
106059378
132798304
207968275
6338133
177764042
5412346
215761864
85113743
11655809
136585656
1013726
60832924
139587994
181456401
132461640
159621049
148629901
189906813
200230015
56287607
2963239
224284497
58924196
153440786
247468703
103537612
94483931
73891981
118594044
146280763
153488715
135943290
174585228
110570964
142202407
188896686
197385957
315526119
225479703
88465749
136453972
247263626
222404660
9811575
182780094
151856148
202618939
143731268
268947145
98989967
185855678
136296722
177020319
99603692
109841256
18814310
190439732
1900121
138681467
16236557
313717533
154307679
80987059
179048718
174453491
139607083
150787528
81640369
347295185
231292722
103899437
166685009
243016045
120019773
5098364
69728285
34247415
16848405
133597803
32561956
144926431
154439279
116714898
33781892
28765986
14297172
144892582
308136586
47918253
192549574
176959415
38514562
125531816
148228387
227957489
312213306
75886096
154371991
31316196
216148649
160962597
171811224
37465259
187052946
207224819
167541118
238583345
157834009
137331708
9056784
167555811
332008939
134052349
6784458
134150921
140415297
19133634
292266241
172992683
201498875
134992010
49652039
260113509
156883110
123986594
158080332
136742765
6593694
165484391
12219085
231253081
37333419
66016771
208371389
3889215
160140131
52466287
180598049
1218603
254120168
85461493
153508519
174066492
70791231
233977684
184772194
3106097
238872603
161947531
264455387
2096330
144011623
19322791
12429947
29340499
16800308
289808915
190136533
65682926
197767949
205212456
235884915
35524586
224441318
193716870
97737826
171811164
222390226
15995302
233194611
173668233
91790494
38514667
25940886
151488687
31933284
18320129
74710956
217736093
261695463
23915102
20335517
119604063
74020195
22124918
135272176
49896953
132568599
85509972
58747661
78972221
230299556
74587609
152621757
319675444
172992799
263235547
35729686
5387478
188147646
141733616
20761907
199121382
59027871
172316559
93684887
177441661
110374771
33262379
58371158
2385259
122457830
157309620
206564892
31776008
78590853
11641539
138979022
50440679
114616947
132686069
211881838
19395838
10014335
10968611
18662985
37274735
132152751
136933176
288804820
173502702
158838425
224823703
183552488
154844110
28726178
8632834
194799331
101116366
82532507
11700409
183625910
161394414
157104449
133872144
51043026
182926431
120891989
162266747
68271136
222727398
196165848
136091004
1678924
175441559
58483912
200533551
8113543
164087980
227201490
163720151
170666468
225754689
248371132
89646826
181540107
202604084
145363943
153067789
176249682
153533016
271879357
173404868
210479302
249505919
76239337
136908771
150557520
151508392
22301596
21061446
196238632
192271071
174933610
25881587
186831179
178984583
172605106
97914479
81640477
8304396
27472036
163709670
185737988
201905514
147928886
207572077
223656688
170967733
22506799
15442802
236039579
165254405
112124673
46821303
59625315
84571596
64330907
125866954
74455493
63185790
216364836
147507885
43601045
72921134
211876011
226632281
164264270
137404536
145745111
82737459
71644226
156633493
72500229
66437143
144432515
8377051
172400067
150700125
17251892
244669262
172380828
151940048
147894802
169628778
216771462
235292663
113303434
147013255
106275061
36719531
164528427
171870294
155932168
140586397
55608288
180755170
163479231
165950407
199938712
278595353
15922515
184135520
46762834
98902412
82448386
171076015
165156190
157598291
92059664
151567149
63087115
295268355
41143119
124864088
265154352
152411054
148410260
100033703
163563138
123913968
50572113
122839933
1361044
198170935
34404113
288647237
79252297
122825346
152450636
21648199
217329880
161854654
150450628
231292703
153376172
157177173
2747243
197228723
156917033
191126013
62450632
199660640
145540426
184169645
150944836
121223289
150700789
205858299
152161650
149639865
45424984
51057455
241016321
155197163
113954299
42001749
36719386
54407514
142794476
162398486
172835926
14179877
97900269
242618561
231899092
189965515
51824822
217736247
151533918
155334910
164612634
141708704
185527012
177632228
125590031
154248637
196356280
156403687
76362340
167878452
180550296
138203980
69885186
12092914
242643682
149218136
197346030
339434004
199576635
97664412
80468171
170880129
164191165
70634481
162457322
96865587
142794570
23278837
117415251
87416559
204800463
237554221
44546617
178010313
95468069
162109984
195070740
35813877
188040993
137668631
58601452
158647779
65848538
169061162
176720506
208253884
46546169
110579681
265443828
216746804
234625735
30490399
59429244
248824069
270987107
61455060
135845160
202079309
137766769
230324884
176117681
54564296
187013160
55358509
169653339
160311762
43879836
5387385
12547326
8725048
151881669
242907602
256797904
178240324
114689935
168329890
17422931
178181388
94542307
141346210
47811233
158310977
41084098
137825515
210484926
65031924
162061506
16550748
183718282
14067049
52261570
137727142
220640065
171811320
125388995
121801354
209322440
7754935
86406940
19395962
99951261
183049014
169942395
256271668
179901297
19513494
140645660
124600958
256232073
15403069
1973484
122384231
35583182
257557265
22158432
272111598
136091181
68442950
162252012
12356679
87573428
135640037
87548477
219789705
152175998
22447473
124707875
76239305
193946764
27472838
10822487
220811927
272184468
173140528
282753676
3409923
193090432
163142004
157539580
200822053
280550376
270987006
126699731
58082058
211699773
122418011
47042938
180755556
155163462
285780819
26978429
9390805
161012027
141253993
55481774
3170913
133813675
134150881
31052080
138749036
147218724
279874865
183245836
372309980
173581318
139783986
199640618
174198745
103680374
82703469
125388607
192804917
173786678
11220710
142637141
12474837
135923704
38783227
183889809
6279992
201043217
58062004
70390277
68075258
19074406
157677086
203712636
140968564
14361819
155696531
8343037
4108818
154653609
179298916
145922267
66319286
99039011
171620158
60366606
2581049
132231919
85520651
197910975
81536866
158799326
171345596
168163479
145961815
177528508
191165276
236030452
155853979
191033369
80591879
15299121
219559411
208004145
309946353
72632721
28937170
39333427
154180985
62372282
200440404
134428420
232106777
79942547
178734623
203785551
145672700
144971349
95341724
73445281
176431060
198723564
174487807
27283062
277821791
168986515
70962896
120852287
150307538
212597227
162148816
158897744
186727792
330342691
92236606
115435766
81365075
155985893
133656382
12244440
58831043
213508673
132363843
177553354
117493961
168986559
186410881
158942214
40251538
7853032
64018309
191604706
135850333
39524111
143094792
176538126
25230885
53672183
111437195
5300244
219393755
194246757
148904029
307817202
27781002
176538105
8009987
163543258
51371255
152543367
198987407
182309603
156192673
39538723
94581575
218055506
200210274
81811535
145540958
288094201
85902236
173996644
180446333
65741364
53035405
175168639
125433030
165347715
257680083
17692204
316712877
125886497
215090627
209356904
255447954
30372784
108564935
143310755
222825024
99623036
88372591
194114686
124286859
187784
111864077
151460610
170880584
53251041
119309224
191893201
117991764
23087036
155598080
29393326
68883739
196488498
301996535
28790497
202971777
114156188
2379894
125959923
166671028
230231555
123908754
51155637
118745954
14775831
141517695
125531346
87514544
215340061
175739810
29320377
153915543
143784389
22197474
13268326
58062217
181765101
212490465
175568022
79305803
1125751
150596395
10429907
220351497
33546725
323597833
142867548
321202246
151968011
181838555
138301976
6093698
63073659
8480983
295116736
200679247
100283694
175798164
218080490
95953718
179441669
46204347
200033850
38949126
182275477
250038080
227459965
34786314
167609062
242334127
67320352
174678889
131951872
241903314
74915926
237739687
104131096
69871980
172218145
320069267
141879406
62470427
301437462
9331098
145549018
204256736
51180228
99289991
182525024
158667785
43137217
44091182
134335938
139000537
21213699
10224660
180662155
4495793
150562783
70522378
369632649
205810951
232165319
37939967
95928395
175955489
14893102
162521741
137713726
123414306
132613538
374196641
39142555
233958210
190411275
143422509
139817685
217349620
148943753
96351231
152978937
186444137
8823154
38817386
81825861
155755619
182491109
168947003
17692103
213778545
76705317
97131844
94194292
213994170
271042499
306998383
5300141
62709685
52926766
371838847
261392836
33776776
89632823
149072467
69523956
84409593
93875736
44316157
71282045
229081353
71835767
138749516
118167580
250984775
324416689
57777595
156961354
105902503
17574969
161717408
47160680
215559863
43792271
327640787
152195129
176720082
11450899
153171411
137174949
14361536
135345605
231556771
50954878
73181354
147282733
165347438
362414194
51169916
155887151
5011034
138749545
22026225
136302342
151822029
191106727
152445124
145310413
241903281
88010754
18393370
119814056
10586312
250063340
134032582
248292492
10092237
123835241
211671981
199786886
305087883
223538628
155525271
17476366
194437209
237001516
174953441
167443205
83859330
242348720
175896648
151219837
19836052
189597110
200440643
110781115
5794663
7926616
105750991
135345691
44849813
256246291
126724645
173135625
297209858
150753393
170441425
242966426
43503684
95218073
138012815
147703904
9208790
80684434
87416382
1802641
324054265
103267785
122272406
124002388
219925563
155971001
91285759
35217521
64648192
315776674
75504209
193466179
55212443
70884402
231688459
152254605
260054696
142519621
107476094
153738969
174855045
97361833
305568
207909125
32311987
141121719
81629080
210431992
7044989
154653985
137845714
133162063
310622306
109040469
193466139
144084860
182814701
188265364
171477084
37866521
60832089
204643807
73083007
138349772
74533948
27165666
3218072
3218072
129083322
16006497
3507071
146499674
181633132
181633132
3630302
146485031
16853053
274510419
151230379
167311555
203799314
116209570
6882471
221678255
161085836
251842385
157070713
304038384
4206457
7774459
95072234
156476312
4001140
170015144
156187167
37240734
78051958
79120079
15285408
132231059
80133042
4843193
123130261
153126660
232086613
187400501
277776721
178538580
169423171
157006190
166171401
234914307
24122470
42520800
119320564
137918073
96879817
203378267
147111865
28339073
305724470
161610054
175056479
133642458
44678915
29413498
194790292
91226716
46282558
159826583
237627132
193789558
209645139
53706819
257596978
213132261
254521818
13248812
160541846
248478047
268119471
147159856
220629487
158094532
7196168
274583898
218712496
262969458
99544707
205246030
77193374
115151730
90177445
187880058
77673121
172341096
25171160
126528529
54491281
262778514
194897287
33610971
57625761
226705600
67584579
152748081
205692248
25112805
98422350
133485276
151474404
1420158
128940810
58228574
101910501
45267000
33874473
35622449
220918595
261103393
18300995
169100780
220522450
236760316
75709921
70272053
4627326
90177420
90550462
209645078
161888222
139960750
140718409
167161796
55731273
84644939
174198079
205633819
196493878
171957945
191356701
145877389
264587696
90236145
256653243
215374278
136198145
150871930
303687181
2601243
254844662
221644796
159851499
24964450
5025101
42613042
186497534
77193247
224250804
150871908
237088595
199792155
221316256
57566902
136908602
248096482
1145313
181358061
186806391
84546809
166974132
299549541
176010782
225117718
16320311
188279256
95047093
48931760
64102965
140645329
7412045
151822828
242789801
117834367
28339345
12508113
164626512
218785292
222331358
263083613
164940695
221355474
193163361
146196845
202222492
157696826
249289589
203187826
77227410
145290656
138178801
4377744
139921034
230529663
8211758
186399058
185400707
215829096
20144234
240570151
12317425
121178894
53285379
27991312
222918161
151895803
55035582
21541543
74362906
184747419
157932314
6495062
134282009
245395504
177730670
210117025
247816627
191342049
82257991
90045710
213901693
172933692
96194863
146879823
189353070
18348782
92598187
141248017
194574350
99064655
133847583
30524671
227083947
206971653
21805475
285033112
155104629
10488870
51273447
45326165
239245584
200230067
11562985
122600664
155393903
141708909
208983593
173693451
4001497
210058475
55731523
280971445
52275689
223426396
112124489
187400883
153547587
8015170
115067858
28883282
122589751
83977293
88959885
150964369
72730435
6040081
260837599
260548763
152905134
157138024
45938192
225406788
203476923
225176250
186581902
119657615
57238239
6015180
143515723
215183934
112124391
252771007
132088048
216075745
364835721
166401994
260093373
168579035
135463722
138656470
135286997
55922015
178249064
129498978
229996121
174453484
250181227
169173538
52559197
177671149
252168227
201846896
146387465
8343602
97796330
225558107
134052021
139671626
163431398
24636170
21129187
119966032
200474256
193393865
109659169
195525015
7701058
7260705
21443300
137850326
356915563
257439748
24709619
139778188
220390637
223235977
286686317
35524488
143035031
156790917
107529421
87969372
22242217
208430129
184390779
135943791
324461880
59782709
175095679
348344969
233194732
102802260
163142185
115415652
19802523
231419709
212308078
133642030
134198896
165063355
137149360
5471382
220017299
247440076
141503314
245645639
146280402
176661918
27506419
36528662
74974595
208669745
230975498
71585509
188363274
34042193
15549113
53153758
177573526
78110383
61278651
136428456
197851687
175311810
25112586
127038629
219559821
246792151
136644102
157118760
227852333
122061897
139803713
241041463
18045684
10028700
58615821
94542581
118403167
257077906
277152572
12920039
84619658
74500120
208214404
227406465
76009498
229864920
227024995
176813031
18769654
93645167
136644191
50067805
8015427
160457664
139225284
156883177
273989107
231430013
92348628
138164083
118824040
118187644
19611919
217677208
249985039
107520921
1473945
160418123
144892432
204618691
38230693
174091356
248410748
124839679
34732859
108348655
73097880
220556290
142309732
178181736
207440610
211469507
358185623
89396931
54348838
137668775
354803594
13077374
11082867
106216304
200244089
93179984
271542554
28692508
94399907
231983013
181745180
218614592
181627936
158285558
291736037
171595174
177935206
329766600
197346017
171752459
322759814
165459577
111937065
211592758
137188864
177632251
44257655
11102353
30597564
137629129
133260520
22531317
172007561
17790532
90320322
155682303
228262786
158271003
263524438
377086692
98133709
68535294
133392346
147086799
103523189
138262399
61758688
49652139
208371213
125012386
309932939
172262706
153303021
16466847
227982600
186160256
178695710
158246050
144519840
134111447
216016791
160864202
73504883
209190529
167805432
165268577
64614091
146649848
45351286
160600333
285780640
163156804
40647222
125183653
171561847
331371261
51751309
186977843
193354110
223715979
112604099
111903615
174840996
84512790
217893267
12836040
126949276
19802337
2542116
154810753
64903207
67932967
192055689
9904048
135747011
372696478
192535116
107495755
76988593
181422753
166421275
97507413
28476562
114043938
24229907
147591069
26122378
183270868
158153601
84414594
130691360
43938755
137272620
246116447
165773322
1282931
220135534
54662698
136972741
188568466
8088648
29295873
190641173
28633872
23171808
93552763
13352073
283263415
191381174
7847227
166205562
132818020
232218871
142755042
372045555
91554823
99348466
140606172
97302164
236735031
51897993
154785295
223519113
115934894
191820153
103621812
194858142
171160072
41578113
320568373
153968578
166146766
147302399
205319024
220977100
88970434
198395367
229331009
75024285
21746875
55515406
217820259
6857620
144760416
218712641
139455816
186438612
244899587
154430716
215506927
354048040
252555872
18070402
57434495
122898635
124213658
221164759
200738172
175896206
175129412
134125746
7269392
289348208
92118945
248253314
293090439
376601821
183973173
156305567
152582022
200474423
243128865
12258464
87382865
91324439
22925813
8994938
8994953
15838260
171884451
143279694
69175809
184615227
178499130
177862117
152983782
219329375
214181256
53246367
66569328
171331865
186831686
238886861
64423837
292917866
8798189
225827886
205981885
64457001
102718692
216148706
175227709
116905255
253781230
132759263
45351511
257787379
307881460
75768939
185302911
148410664
237245088
156922906
263294059
140861181
113107084
42133718
216075206
272821159
1013308
195814177
223749158
144637192
51726606
10244502
95047569
139382228
202893274
168124648
157407877
47174653
104033301
162730473
62077858
225681008
101273281
137522140
163288395
53863651
192824055
154043279
234111115
113376756
31801653
108045230
185591348
205094563
188206621
7926317
86760020
271149709
137791837
153836985
222208241
189951011
190944652
234150713
135786484
320206436
91226198
142006002
21129580
288074366
114248939
91290736
223142448
5519429
197444269
134111240
200488937
183987884
175921784
5064941
214229703
136585261
244792918
25185665
182309086
96865392
186938484
124443863
172639000
230299383
157912485
95796218
63337670
153988302
286422242
187420198
8739054
166842934
14033025
287749864
216129040
216154005
122903958
39945296
136894577
168320898
10836164
60930414
17843870
158403892
73709594
115362149
231786855
95737888
202907054
11694213
38699302
179969619
45463215
221046928
109552799
201899928
141806664
88240711
17187498
194305594
92932354
15647237
132770155
26372070
225392838
192779473
201562710
201621613
211416480
191513250
149619807
6279903
124404529
245258408
255349646
161369689
222839818
158476838
217590520
183611548
294547170
66285440
154503965
39142767
68653562
36421379
196317246
137884917
365365796
366360771
112138476
234757708
305842414
134453422
135575745
29598595
219163361
119769881
179020678
55344540
199082646
56200564
20428354
111378416
154096902
24944951
190773574
205942513
33821140
163077921
145588917
69748334
105843590
150273756
200381689
16471904
692716
132231983
253775584
102440734
169810088
59282850
229541160
222536051
66069655
156016479
181515994
30813115
220674052
84184774
200342031
87803748
104277287
155525021
